Sample	FastQC_mqc-generalstats-fastqc-percent_duplicates	FastQC_mqc-generalstats-fastqc-percent_gc	FastQC_mqc-generalstats-fastqc-avg_sequence_length	FastQC_mqc-generalstats-fastqc-percent_fails	FastQC_mqc-generalstats-fastqc-total_sequences
C10_1_trimm_paired	46.420185071020946	43.0	136.55201098973035	0.0	37746513.0
C10_2_trimm_paired	47.105539905741324	44.0	138.0350578078563	9.090909090909092	37746513.0
C11_1_trimm_paired	46.975032340475686	44.0	136.41394659865654	0.0	35092413.0
C11_2_trimm_paired	47.80881167969036	44.0	138.04936018506336	0.0	35092413.0
C12_1_trimm_paired	42.96137173363952	45.0	135.7743677922884	9.090909090909092	40243182.0
C12_2_trimm_paired	43.65093922724491	45.0	137.2514690562988	9.090909090909092	40243182.0
C1_1_trimm_paired	51.82445801643947	42.0	134.86021847664762	9.090909090909092	41629987.0
C1_2_trimm_paired	53.045419234626614	42.0	136.7851642134791	9.090909090909092	41629987.0
C2_1_trimm_paired	49.68446388452138	43.0	136.2030757614226	0.0	45751728.0
C2_2_trimm_paired	50.32501983747121	43.0	137.64343952210942	9.090909090909092	45751728.0
C3_1_trimm_paired	48.55516277903741	43.0	136.97183041949796	0.0	41600726.0
C3_2_trimm_paired	47.919082367039145	44.0	137.7451472601704	0.0	41600726.0
C4_1_trimm_paired	43.59901421857296	45.0	133.88162959815276	0.0	37930259.0
C4_2_trimm_paired	44.34582225637151	45.0	135.5663732746987	0.0	37930259.0
C5_1_trimm_paired	41.644346236324914	47.0	133.99081761967838	9.090909090909092	43103965.0
C5_2_trimm_paired	42.214231799668624	47.0	135.51913101265743	9.090909090909092	43103965.0
C6_1_trimm_paired	46.83827166654757	45.0	135.01839927867806	0.0	38246445.0
C6_2_trimm_paired	47.529531793605194	45.0	136.61537180775886	0.0	38246445.0
C7_1_trimm_paired	44.7249677344785	43.0	135.93200951302012	0.0	36940109.0
C7_2_trimm_paired	45.74637631589044	44.0	137.62155785734146	0.0	36940109.0
C8_1_trimm_paired	48.77630180667592	43.0	135.2833066650682	0.0	40171967.0
C8_2_trimm_paired	49.360891820153675	43.0	136.56503939675147	0.0	40171967.0
C9_1_trimm_paired	49.87778405230732	43.0	135.10577505331244	0.0	43537676.0
C9_2_trimm_paired	50.901071603744455	43.0	136.66488638484057	9.090909090909092	43537676.0
In10_1_trimm_paired	40.46777064023823	43.0	129.5352345913878	18.181818181818183	38162100.0
In10_2_trimm_paired	41.223838800952514	43.0	130.61825345041285	18.181818181818183	38162100.0
In11_1_trimm_paired	27.77997264023294	42.0	136.10577514400038	9.090909090909092	35376988.0
In11_2_trimm_paired	28.207539376484775	43.0	137.29119904159168	9.090909090909092	35376988.0
In12_1_trimm_paired	38.60144199513363	45.0	131.5682909665754	18.181818181818183	40227136.0
In12_2_trimm_paired	39.007470122586355	45.0	132.7270841006429	18.181818181818183	40227136.0
In1_1_trimm_paired	82.26604202151876	31.0	118.35521369749692	45.45454545454545	60480072.0
In1_2_trimm_paired	81.253661981244	34.0	112.95085778006349	36.36363636363637	60480072.0
In2_1_trimm_paired	35.526158635650134	42.0	131.356041459475	18.181818181818183	36614646.0
In2_2_trimm_paired	35.890681743501105	42.0	132.12734346796634	18.181818181818183	36614646.0
In3_1_trimm_paired	43.97704578073076	43.0	128.58712745137922	18.181818181818183	40610404.0
In3_2_trimm_paired	44.49881705445684	44.0	129.15816900023944	18.181818181818183	40610404.0
In4_1_trimm_paired	32.59286957990247	45.0	132.58188192523102	18.181818181818183	42437754.0
In4_2_trimm_paired	32.887832655171636	45.0	133.58164310486364	9.090909090909092	42437754.0
In5_1_trimm_paired	44.179944504321355	44.0	129.30147712643418	18.181818181818183	51267717.0
In5_2_trimm_paired	44.61693579719307	45.0	130.3614894534898	18.181818181818183	51267717.0
In6_1_trimm_paired	30.96761316412966	46.0	131.73996450739938	9.090909090909092	31201433.0
In6_2_trimm_paired	31.24715313086331	46.0	132.992516593709	9.090909090909092	31201433.0
In7_1_trimm_paired	30.468241676251665	45.0	133.45848762734224	9.090909090909092	36368338.0
In7_2_trimm_paired	30.853272939817472	46.0	134.87412124799323	9.090909090909092	36368338.0
In8_1_trimm_paired	41.532237132506324	42.0	130.42051351572456	18.181818181818183	37501948.0
In8_2_trimm_paired	42.320212308623404	43.0	131.39335855300104	18.181818181818183	37501948.0
In9_1_trimm_paired	42.55883171230348	45.0	130.8915873612306	18.181818181818183	50312335.0
In9_2_trimm_paired	42.75177899130881	45.0	131.1770256935998	18.181818181818183	50312335.0
Z10_1_trimm_paired	67.92290746490781	50.0	129.44786869479026	18.181818181818183	38075260.0
Z10_2_trimm_paired	68.15012976399588	50.0	131.43945401817348	18.181818181818183	38075260.0
Z11_1_trimm_paired	75.95951174416894	51.0	128.70280479913072	18.181818181818183	41511101.0
Z11_2_trimm_paired	76.08871758088175	51.0	130.49437505885473	18.181818181818183	41511101.0
Z12_1_trimm_paired	70.80010721931777	50.0	129.96132105882077	18.181818181818183	45745306.0
Z12_2_trimm_paired	70.73724401651955	50.0	131.61466332742424	18.181818181818183	45745306.0
Z1_1_trimm_paired	64.94552619672943	49.0	130.73512602842308	18.181818181818183	43626865.0
Z1_2_trimm_paired	65.29037316013384	49.0	132.32913483469417	18.181818181818183	43626865.0
Z2_1_trimm_paired	63.680149305424	51.0	129.7838780798086	18.181818181818183	44527686.0
Z2_2_trimm_paired	64.5121654909616	51.0	131.8067077637944	18.181818181818183	44527686.0
Z3_1_trimm_paired	60.52131113507864	52.0	130.99811956415246	18.181818181818183	37101505.0
Z3_2_trimm_paired	61.427165057430386	52.0	133.14586720942992	18.181818181818183	37101505.0
Z4_1_trimm_paired	73.22671931795352	50.0	127.39569388353073	18.181818181818183	35746734.0
Z4_2_trimm_paired	73.80010668180351	51.0	129.94352242081752	18.181818181818183	35746734.0
Z5_1_trimm_paired	59.69804850703748	50.0	131.21809004260754	18.181818181818183	39388575.0
Z5_2_trimm_paired	60.38288513395685	50.0	133.08655423558736	18.181818181818183	39388575.0
Z6_1_trimm_paired	72.30394360132644	53.0	129.86547231983994	9.090909090909092	39847331.0
Z6_2_trimm_paired	72.57680921396874	53.0	131.67281745921704	9.090909090909092	39847331.0
Z7_1_trimm_paired	61.90100126242091	52.0	129.9266707301526	18.181818181818183	45141865.0
Z7_2_trimm_paired	63.153776518182795	52.0	131.86869749400032	18.181818181818183	45141865.0
Z8_1_trimm_paired	76.31162936931767	51.0	128.96709825757677	18.181818181818183	40366312.0
Z8_2_trimm_paired	76.9851177103109	51.0	131.06653989098632	18.181818181818183	40366312.0
Z9_1_trimm_paired	86.13072535269629	52.0	128.22258030077683	9.090909090909092	47312089.0
Z9_2_trimm_paired	86.2926338151091	52.0	130.25231253263834	9.090909090909092	47312089.0
